-9.186894687374596e+05 -7.975493567711104e-18  8.906858751694350e-07
-8.065289805582367e+05 -2.198433326919992e-17  1.274852519916056e-06
-7.080618844736137e+05 -2.828581868435770e-17  1.616097422547962e-06
-6.216163886600998e+05 -1.552859185387544e-17  1.889998308168682e-06
-5.457248061560148e+05 -4.530158242084428e-18  2.118741457035801e-06
-4.790986362118986e+05  1.179371536936313e-17  2.294998274529224e-06
-4.206066878962441e+05 -2.207806634293008e-17  2.457946769928247e-06
-3.692558745352036e+05 -3.276228746364557e-17  2.574450759979143e-06
-3.241743529108905e+05  5.304201650860832e-17  2.642569659593864e-06
-2.845967209525755e+05 -1.294895109728297e-17  2.771649972716259e-06
-2.498510226045607e+05 -1.219107166207599e-16  2.952120100270512e-06
-2.193473392370776e+05 -3.615735263592649e-18  3.153895765184199e-06
-1.925677739031484e+05  5.296182328707431e-18  3.467612432407965e-06
-1.690576583923546e+05  1.188969222222367e-16  3.917082076224528e-06
-1.484178337933136e+05  5.572976610580018e-16  4.500359515937022e-06
-1.302978735028761e+05  4.720185738052385e-16  5.235335304855970e-06
-1.143901336210994e+05 -3.473306845821220e-16  6.031076157778794e-06
-1.004245297185447e+05 -6.975600123177314e-16  6.736450920565974e-06
-8.816395129492579e+04 -3.267546372225518e-15  7.353635860151122e-06
-7.740023607497613e+04 -7.422160895902900e-15  7.795740921846306e-06
-6.795063579241613e+04 -1.906705386365543e-15  7.887025311569331e-06
-5.965471345747181e+04  4.811759818282573e-15  7.808986261732899e-06
-5.237161942920367e+04  4.386741514924515e-15  7.671550183976309e-06
-4.597770004531951e+04  7.978072766657328e-15  7.392439844747168e-06
-4.036439820836189e+04  9.697620907124114e-15  7.034393625907560e-06
-3.543641028405132e+04 -1.476303436305896e-14  6.714914596899919e-06
-3.111006801927892e+04 -1.528607419295103e-14  6.235073878891071e-06
-2.731191800766380e+04 -3.095486336670285e-14  5.747023398431462e-06
-2.397747458459012e+04 -1.457204686595163e-13  5.341787498785834e-06
-2.105012497815504e+04 -2.151257716039994e-13  4.639317402149432e-06
-1.848016812748519e+04 -1.842331486119277e-13  3.488990076368062e-06
-1.622397084930907e+04 -5.062786127909241e-14  1.880814754030701e-06
-1.424322702603196e+04 -4.511252535874303e-14 -2.122809844194364e-08
-1.250430723767653e+04 -5.534868059791226e-13 -2.283164017676967e-06
-1.097768779562527e+04 -7.473337681278913e-13 -5.561722540928914e-06
-9.637449484198150e+03  2.392383696482577e-13 -1.011407020092021e-05
-8.460837499611371e+03  9.800211735559862e-13 -1.533032564599644e-05
-7.427875114882352e+03  2.124095011471833e-13 -2.086377148650038e-05
-6.521024511415545e+03  1.951279470349360e-14 -2.703277200505147e-05
-5.724889018807500e+03  4.322883266674088e-12 -3.398668666437176e-05
-5.025951707445646e+03  3.026231311414296e-12 -4.049512168748951e-05
-4.412345895679675e+03  1.298442409341014e-13 -4.713335934786261e-05
-3.873653675195590e+03  2.931875400687942e-12 -5.434883087465267e-05
-3.400729033920418e+03 -1.089203508315095e-12 -6.139284889809055e-05
-2.985542573406865e+03  7.984606326025533e-12 -6.883840028046025e-05
-2.621045184282271e+03  2.417922460819233e-11 -7.603076493732757e-05
-2.301048365219278e+03  2.104026694872711e-11 -8.213366723361919e-05
-2.020119153462564e+03  2.093101604827338e-11 -8.779367285833973e-05
-1.773487883023502e+03  5.568418327989657e-11 -9.323822688424368e-05
-1.556967204444955e+03  8.677604786178054e-11 -9.762780736010797e-05
-1.366880991239417e+03  4.189978425934053e-11 -1.006109039016886e-04
-1.200001925961460e+03 -1.306298813072578e-10 -1.023665586432432e-04
-1.053496706239672e+03 -1.863584602678442e-10 -1.046805265386667e-04
-9.248779404664100e+02  2.410026854285213e-10 -1.082961259894781e-04
-8.119619164218916e+02  4.262521877689598e-10 -1.100417805696440e-04
-7.128315258207655e+02  1.313463868792853e-10 -1.095770089196212e-04
-6.258037153075840e+02  4.434616399529763e-10 -1.091554276925979e-04
-5.494009112784013e+02  8.140798226899221e-10 -1.074791861575351e-04
-4.823259333740268e+02 -3.045792966766319e-10 -1.032611031052926e-04
-4.234399707217918e+02 -9.291770078443653e-10 -9.965741167354207e-05
-3.717432470025532e+02  2.468625237347394e-09 -9.926489494367947e-05
-3.263580460710051e+02  3.022614239872465e-09 -9.948968540138439e-05
-2.865138099352715e+02  6.063686710076130e-10 -1.020333345813997e-04
-2.515340560866414e+02  1.469556126855081e-09 -1.103403350566680e-04
-2.208248920595400e+02  3.235524193828594e-09 -1.235821297018739e-04
-1.938649322199007e+02 -7.087988589863967e-09 -1.388846081433268e-04
-1.701964455873900e+02  1.901932425403136e-10 -1.583140717702339e-04
-1.494175843976283e+02  4.090233777443969e-08 -1.796360783049002e-04
-1.311755614595664e+02  7.610394344639838e-08 -1.969114990514641e-04
-1.151606604719791e+02  6.774557107313630e-08 -2.092881714074789e-04
-1.011009776051645e+02  1.402463752950673e-07 -2.220549236821792e-04
-8.875780506949357e+01  2.429218150376642e-07 -2.296043282778228e-04
-7.792157829221479e+01  2.187312406759201e-07 -2.262555052172807e-04
-6.840831789296593e+01  1.075979619511920e-07 -2.140638678272808e-04
-6.005650604921981e+01  2.226180208185255e-07 -1.949160767393371e-04
-5.272434421804292e+01  5.174939428422953e-07 -1.618097324264956e-04
-4.628734565528144e+01  3.467009687188936e-07 -1.058990940158663e-04
-4.063622185753755e+01 -2.408932611185451e-07 -2.911770547959792e-05
-3.567502704257275e+01  2.493856388102920e-07  6.278086558382275e-05
-3.131952916479830e+01  1.154783342651681e-06  1.779232438337556e-04
-2.749577980866410e+01  4.027536126950198e-07  3.261979803571385e-04
-2.413885867934227e+01  9.398864443118270e-07  5.018559368579477e-04
-2.119177137444618e+01  1.149418262524565e-06  7.141685034679124e-04
-1.860448172295687e+01 -8.218959776650398e-07  9.724358952820329e-04
-1.633306226223605e+01 -2.385722988037424e-06  1.272143432443384e-03
-1.433894842977365e+01 -9.798201217974374e-06  1.608197470542910e-03
-1.258828380720477e+01 -2.449215131508674e-05  1.969238931563740e-03
-1.105134530003330e+01 -2.577638750316075e-05  2.331211573879239e-03
-9.702038493661270e+00 -3.672399080389729e-05  2.689848168878447e-03
-8.517454617789079e+00 -4.329002421546860e-05  3.033314842180272e-03
-7.477481597249839e+00 -4.126824841670982e-05  3.355002379982403e-03
-6.564462585629699e+00 -1.476617228196483e-05  3.650447084484334e-03
-5.762896184197403e+00 -1.793897084384546e-05  3.931397731803403e-03
-5.059173256407012e+00 -2.703636101331587e-05  4.192826856312653e-03
-4.441345869563643e+00  8.854868862188353e-05  4.418161241845581e-03
-3.898924440702801e+00  2.647386852481941e-04  4.622567733565848e-03
-3.422699642590187e+00  1.923405415888406e-04  4.829022623625608e-03
-3.004586046130360e+00  1.923223355250061e-04  5.013763625809003e-03
-2.637484844517335e+00  5.170436366293994e-05  5.163269312621746e-03
-2.315163328433457e+00  1.074773287447841e-04  5.256650663782600e-03
-2.032149066005032e+00 -1.374473330453971e-05  5.287790481060975e-03
-1.783636990883281e+00  2.372425283387811e-04  5.251592440397101e-03
-1.565407820975541e+00  2.119869088255911e-03  5.167031152645590e-03
-1.373756422725471e+00  1.236957316144842e-03  5.095304378146911e-03
-1.205428904698322e+00 -1.283337408435499e-03  5.031919712732380e-03
-1.057567372434974e+00  2.800274243066291e-03  4.959082928245725e-03
-9.276614066128770e-01  2.924794099039258e-04  4.928799099662213e-03
-8.135054407014908e-01  2.521200747096620e-03  4.886466047324977e-03
-7.131613144625059e-01  2.449327239369040e-02  4.818260182550989e-03
-6.249253675215249e-01  2.192759788935342e-02  4.817176113099036e-03
-5.472995143200287e-01  8.101188746364885e-03  4.843040194236944e-03
-4.789658093530335e-01  2.737431671140429e-02  4.870523677066063e-03
-4.187640708565289e-01  3.547186640441975e-02  5.000231162769405e-03
-3.656721830356939e-01  2.316262901117877e-03  5.287361629773580e-03
-3.187887424016298e-01 -6.674537106139639e-02  5.702411805048229e-03
-2.773177535830335e-01  4.262892331039864e-02  6.154329858784397e-03
-2.405551147755896e-01  1.344241618314085e-01  6.726916637885690e-03
-2.078766633766423e-01 -1.231947828959837e-01  7.452512410082070e-03
-1.787275788418135e-01  4.911972316203888e-01  8.119350609921352e-03
-1.526129628433856e-01  7.673798031833310e-01  8.935556228556425e-03
-1.290894367987081e-01  3.317716956728379e-01  9.926210288084523e-03
-1.077576141099749e-01 -2.233843934419389e-01  1.093196128370300e-02
-8.825531930772273e-02  2.117894913936533e+00  1.160402353205651e-02
-7.025143897146818e-02  2.337601883094929e+00  1.172696262680302e-02
-5.344030002732124e-02  2.357375665792812e+00  1.078487301361392e-02
-3.753647997631641e-02  6.993223117979400e+00  7.860540451753831e-03
-2.226996094059690e-02 -3.983467263380320e+01  9.036859899993555e-04
-7.381545251988309e-03  2.491921381966883e+02 -1.582368232060696e-02
 7.381545251988309e-03  1.717290981040647e+02 -1.569371691517101e-02
 2.226996094059690e-02 -2.394520687846170e+01  7.050520329321214e-04
 3.753647997631641e-02  6.251604390493657e+00  7.764482865591802e-03
 5.344030002732124e-02  3.253732573267444e+00  1.075719265305449e-02
 7.025143897146818e-02  2.289323844870710e+00  1.177560840288256e-02
 8.825531930772273e-02  2.767474867430425e+00  1.160021755535115e-02
 1.077576141099749e-01  6.716349551213459e-01  1.087949332963818e-02
 1.290894367987081e-01  2.674285442078062e-01  9.915911172893340e-03
 1.526129628433856e-01  9.436808238748605e-01  8.907435844818231e-03
 1.787275788418135e-01  5.494204794468655e-01  8.113586516095129e-03
 2.078766633766423e-01 -1.905689256027871e-01  7.486983762435801e-03
 2.405551147755896e-01  9.444575317837549e-02  6.769957524432800e-03
 2.773177535830335e-01  5.205525755892026e-02  6.186964533431314e-03
 3.187887424016298e-01 -5.423819179017859e-02  5.729233008751806e-03
 3.656721830356939e-01  7.761095355704204e-03  5.304255623744542e-03
 4.187640708565289e-01  5.383725068914298e-02  4.991628614315236e-03
 4.789658093530335e-01  4.589259829940540e-02  4.850833628754363e-03
 5.472995143200287e-01  2.054924954272673e-02  4.837612237012487e-03
 6.249253675215249e-01  2.111150180945782e-02  4.842492042911496e-03
 7.131613144625059e-01  1.952054565740892e-02  4.855299352369041e-03
 8.135054407014908e-01  2.890343716943899e-03  4.907731497176296e-03
 9.276614066128770e-01  3.137058932007105e-04  4.945183961765415e-03
 1.057567372434974e+00  2.361181752575778e-03  4.979417768209096e-03
 1.205428904698322e+00 -1.081071324795111e-03  5.060900608274860e-03
 1.373756422725471e+00 -5.906134337126768e-04  5.147394029990969e-03
 1.565407820975541e+00  1.326327062668733e-03  5.217441043546389e-03
 1.783636990883281e+00  4.241801366966195e-04  5.287519934547695e-03
 2.032149066005032e+00 -3.161377995887154e-04  5.319609615867952e-03
 2.315163328433457e+00  1.234564687053743e-04  5.275473056018778e-03
 2.637484844517335e+00  3.351249499988263e-04  5.171275523984357e-03
 3.004586046130360e+00  1.256388315578997e-04  5.028374732318318e-03
 3.422699642590187e+00  1.970199693926184e-04  4.842411112914834e-03
 3.898924440702801e+00  3.375033859172546e-04  4.635442619756943e-03
 4.441345869563643e+00  1.167206206576807e-04  4.440130288602366e-03
 5.059173256407012e+00 -6.567504099599369e-05  4.225529900019268e-03
 5.762896184197403e+00 -2.230845892624383e-05  3.960145264090114e-03
 6.564462585629699e+00 -2.417956055020980e-05  3.672160136338054e-03
 7.477481597249839e+00 -3.532031217589225e-05  3.367296108306674e-03
 8.517454617789079e+00 -3.088790355114666e-05  3.039060283712817e-03
 9.702038493661270e+00 -2.934934590933104e-05  2.696010890361585e-03
 1.105134530003330e+01 -3.366105046156339e-05  2.345342917385224e-03
 1.258828380720477e+01 -2.360142551260798e-05  1.983556789823398e-03
 1.433894842977365e+01 -1.395183745188716e-05  1.625617767779316e-03
 1.633306226223605e+01 -5.388093035073199e-06  1.287869116070717e-03
 1.860448172295687e+01 -2.589691512538714e-06  9.841146356018057e-04
 2.119177137444618e+01  1.385814156600507e-06  7.197386337176030e-04
 2.413885867934227e+01  2.272378034057480e-07  5.048447718647083e-04
 2.749577980866410e+01  8.391925703444748e-07  3.235895573086127e-04
 3.131952916479830e+01  1.612898186882400e-06  1.719645172377707e-04
 3.567502704257275e+01  7.573638027305099e-07  5.554042889984422e-05
 4.063622185753755e+01 -2.688503309344649e-07 -3.433192591166575e-05
 4.628734565528144e+01  4.756545964719343e-07 -1.124247175384553e-04
 5.272434421804292e+01  5.761911796091989e-07 -1.680486422971412e-04
 6.005650604921981e+01  2.490603639385616e-07 -1.992920302805524e-04
 6.840831789296593e+01  6.940969965575462e-08 -2.155683941649206e-04
 7.792157829221479e+01  1.843020527189810e-07 -2.265374890695552e-04
 8.875780506949357e+01  2.340751562199669e-07 -2.304170654482915e-04
 1.011009776051645e+02  1.598715440026177e-07 -2.244822369009163e-04
 1.151606604719791e+02  9.602425446251907e-08 -2.131600818084307e-04
 1.311755614595664e+02  8.049994637188553e-08 -2.006419002140813e-04
 1.494175843976283e+02  4.511244357506168e-08 -1.834654699495617e-04
 1.701964455873900e+02  2.095865691057096e-09 -1.614616651740449e-04
 1.938649322199007e+02 -4.772419503190014e-09 -1.413549868283199e-04
 2.208248920595400e+02  1.978651228771647e-09 -1.254312959486992e-04
 2.515340560866414e+02  2.557381214180719e-09 -1.127080160443978e-04
 2.865138099352715e+02  1.667149253401982e-09 -1.044307452430946e-04
 3.263580460710051e+02  3.675833093813075e-09 -1.014301143373852e-04
 3.717432470025532e+02  2.544728178645794e-09 -1.006870867260722e-04
 4.234399707217918e+02 -5.896139688656451e-10 -1.011137395735519e-04
 4.823259333740268e+02 -4.167905226169459e-10 -1.046256529152423e-04
 5.494009112784013e+02  9.394794142180566e-10 -1.092331624378103e-04
 6.258037153075840e+02  6.247064191347433e-10 -1.109688586742940e-04
 7.128315258207655e+02  2.245813358783665e-10 -1.109028644083696e-04
 8.119619164218916e+02  4.169113641137045e-10 -1.107201133933518e-04
 9.248779404664100e+02  2.234947572172271e-10 -1.087041090587085e-04
 1.053496706239672e+03 -1.074961240306624e-10 -1.053097868950085e-04
 1.200001925961460e+03 -8.258016157448551e-11 -1.027291725495019e-04
 1.366880991239417e+03  2.850616132771663e-11 -1.003374747567164e-04
 1.556967204444955e+03  9.268854902612309e-11 -9.712991576758536e-05
 1.773487883023502e+03  4.640600997366826e-11 -9.238447602849055e-05
 2.020119153462564e+03  1.537311131956824e-11 -8.676127526741503e-05
 2.301048365219278e+03  1.284446302023288e-11 -8.088737408055364e-05
 2.621045184282271e+03  1.527549940796328e-11 -7.458384418816937e-05
 2.985542573406865e+03 -2.072504593902001e-12 -6.728671597599891e-05
 3.400729033920418e+03 -2.320456103438687e-12 -6.014776624337134e-05
 3.873653675195590e+03  1.127179246120307e-12 -5.323052159305866e-05
 4.412345895679675e+03 -5.628287815516736e-13 -4.624804539780583e-05
 5.025951707445646e+03  3.008884957531572e-12 -3.983820697455524e-05
 5.724889018807500e+03  3.282363424839454e-12 -3.343831741351611e-05
 6.521024511415545e+03  6.570790901150891e-13 -2.687038534027286e-05
 7.427875114882352e+03  3.606782144643969e-13 -2.086725720395986e-05
 8.460837499611371e+03  1.193967097687523e-12 -1.554998258440346e-05
 9.637449484198150e+03  5.957912108117684e-13 -1.051834877868287e-05
 1.097768779562527e+04 -4.566519119291888e-13 -5.951917992519636e-06
 1.250430723767653e+04 -6.682593415083671e-13 -2.396995050902007e-06
 1.424322702603196e+04 -1.898972302482875e-13  1.411881489964773e-08
 1.622397084930907e+04 -1.191635807215813e-13  1.897869159734450e-06
 1.848016812748519e+04 -2.118325849983842e-13  3.416017729538642e-06
 2.105012497815504e+04 -2.180449338401037e-13  4.466234163201647e-06
 2.397747458459012e+04 -1.205934133297386e-13  5.092746109630432e-06
 2.731191800766380e+04 -2.594006541786634e-14  5.548992133191146e-06
 3.111006801927892e+04 -1.288345594558565e-14  6.085587803067134e-06
 3.543641028405132e+04 -9.699509880866640e-15  6.574844769889666e-06
 4.036439820836189e+04  5.903307606216433e-15  6.898084182010853e-06
 4.597770004531951e+04  1.185320568487196e-14  7.167303586681780e-06
 5.237161942920367e+04  9.171424847634004e-15  7.413551845196248e-06
 5.965471345747181e+04  5.825349929361551e-15  7.604612614516608e-06
 6.795063579241613e+04 -3.965062594516305e-15  7.769032826993033e-06
 7.740023607497613e+04 -7.426851151861833e-15  7.696010433711096e-06
 8.816395129492579e+04 -3.473503346095811e-15  7.282028222543395e-06
 1.004245297185447e+05 -8.147447024989239e-16  6.683003635031455e-06
 1.143901336210994e+05 -4.552108194176914e-16  5.992092890061042e-06
 1.302978735028761e+05  3.039252462896831e-16  5.202432504111991e-06
 1.484178337933136e+05  4.047897753970175e-16  4.455642813888463e-06
 1.690576583923546e+05  1.818071955529056e-17  3.842063679374335e-06
 1.925677739031484e+05  1.177376346878747e-16  3.340837405386183e-06
 2.193473392370776e+05  1.008629687549759e-16  3.006444051405088e-06
 2.498510226045607e+05 -4.651696502846726e-18  2.809508527378171e-06
 2.845967209525755e+05  2.945203019029620e-17  2.675787717417985e-06
 3.241743529108905e+05  7.587490358608911e-17  2.598401890260255e-06
 3.692558745352036e+05 -2.369739259880104e-17  2.579647269402011e-06
 4.206066878962441e+05 -2.696963319487984e-17  2.500055612256716e-06
 4.790986362118986e+05 -6.163670637305505e-18  2.354196875506869e-06
 5.457248061560148e+05 -2.560084083322722e-17  2.171517184933889e-06
 6.216163886600998e+05 -1.835196434193441e-17  1.910800612625923e-06
 7.080618844736137e+05 -2.328954193425583e-17  1.617743998832577e-06
 8.065289805582367e+05 -2.023708945471248e-17  1.281440871006818e-06
 9.186894687374596e+05 -1.160308021941329e-17  9.108684938843963e-07
