-9.366876594638111e+05  2.938652519136073e-36  0.000000000000000e+00
-8.223298174159469e+05  6.418598514211545e-36  0.000000000000000e+00
-7.219336368736163e+05  1.401948643133681e-35  0.000000000000000e+00
-6.337945736752234e+05  3.062131977320893e-35  0.000000000000000e+00
-5.564161871716211e+05  6.688297748458298e-35  0.000000000000000e+00
-4.884847333913154e+05  1.460855202891220e-34  0.000000000000000e+00
-4.288468600622962e+05  3.190792824694340e-34  0.000000000000000e+00
-3.764900247925737e+05  6.969311640363399e-34  0.000000000000000e+00
-3.305253039458470e+05  1.522232479837385e-33  0.000000000000000e+00
-2.901723003383260e+05  3.324848644432689e-33  0.000000000000000e+00
-2.547458935169168e+05  7.262105328706780e-33  0.000000000000000e+00
-2.236446076626448e+05  1.586181729053511e-32  0.000000000000000e+00
-1.963403996275087e+05  3.464519750175003e-32  0.000000000000000e+00
-1.723696937242471e+05  7.567157914003809e-32  0.000000000000000e+00
-1.513255110560943e+05  1.652807071039622e-31  0.000000000000000e+00
-1.328505597568784e+05  3.610032256957058e-31  0.000000000000000e+00
-1.166311688263411e+05  7.884960030528454e-31  0.000000000000000e+00
-1.023919625682567e+05  1.722214862588794e-30  0.000000000000000e+00
-8.989118521301515e+04  3.761616460442095e-30  0.000000000000000e+00
-7.891659634528217e+04  8.216009692890393e-30  0.000000000000000e+00
-6.928186744858118e+04  1.794512637043149e-29  0.000000000000000e+00
-6.082341838668904e+04  3.919504143136670e-29  0.000000000000000e+00
-5.339764011106704e+04  8.560805469970682e-29  0.000000000000000e+00
-4.687845644096198e+04  1.869807379033988e-28  0.000000000000000e+00
-4.115518351964547e+04  4.083924223518270e-28  0.000000000000000e+00
-3.613065060426105e+04  8.919835534127096e-28  0.000000000000000e+00
-3.171955028371615e+04  1.948202772863905e-27  0.000000000000000e+00
-2.784699011432457e+04  4.255095852197891e-27  0.000000000000000e+00
-2.444722108261276e+04  9.293560360875026e-27  0.000000000000000e+00
-2.146252130690695e+04  2.029794872133608e-26  0.000000000000000e+00
-1.884221602498708e+04  4.433217583573467e-26  0.000000000000000e+00
-1.654181722898503e+04  9.682385677154620e-26  0.000000000000000e+00
-1.452226834009595e+04  2.114665347157091e-25  0.000000000000000e+00
-1.274928109905528e+04  4.618450533133448e-25  0.000000000000000e+00
-1.119275341399089e+04  1.008662048085044e-24  0.000000000000000e+00
-9.826258281767752e+03  2.202871028450849e-24  0.000000000000000e+00
-8.626595105641130e+03  4.810892349401550e-24  0.000000000000000e+00
-7.573395791409644e+03  1.050641229454931e-23  0.000000000000000e+00
-6.648778934299009e+03  2.294427811170048e-23  0.000000000000000e+00
-5.837046225300022e+03  5.010537227737082e-23  0.000000000000000e+00
-5.124415922493582e+03  1.094164789628213e-22  0.000000000000000e+00
-4.498788862191759e+03  2.389286028565947e-22  0.000000000000000e+00
-3.949543037190581e+03  5.217214864970308e-22  0.000000000000000e+00
-3.467353254447574e+03  1.139180212583946e-21  0.000000000000000e+00
-3.044032810300149e+03  2.487293040128591e-21  0.000000000000000e+00
-2.672394495158696e+03  5.430497982045492e-21  0.000000000000000e+00
-2.346128567787282e+03  1.185570955731052e-20  0.000000000000000e+00
-2.059695627397703e+03  2.588136930910680e-20  0.000000000000000e+00
-1.808232564720352e+03  5.649563704215066e-20  0.000000000000000e+00
-1.587469995272399e+03  1.233122377519502e-19  0.000000000000000e+00
-1.393659772990731e+03  2.691262924735984e-19  0.000000000000000e+00
-1.223511353543258e+03  5.872988962601899e-19  0.000000000000000e+00
-1.074135926883555e+03  1.281471786541128e-18  0.000000000000000e+00
-9.429973705214711e+02  2.795751800089431e-18  0.000000000000000e+00
-8.278691907856422e+02  6.098455590152240e-18  0.000000000000000e+00
-7.267967210189971e+02  1.330037207970579e-17  0.000000000000000e+00
-6.380639349015282e+02  2.900148669563683e-17  0.000000000000000e+00
-5.601643114510507e+02  6.322341173837005e-17  0.000000000000000e+00
-4.917752570427322e+02  1.377920302662057e-16  0.000000000000000e+00
-4.317356501799281e+02  3.002234608332515e-16  0.000000000000000e+00
-3.790261277674542e+02  6.539187539834307e-16  0.000000000000000e+00
-3.327517781841398e+02  1.423784314329174e-15  0.000000000000000e+00
-2.921269473145814e+02  3.098751204337909e-15  0.000000000000000e+00
-2.564618995742148e+02  6.741093321909804e-15  0.000000000000000e+00
-2.251511074562132e+02  1.465724356330520e-14  0.000000000000000e+00
-1.976629707780657e+02  3.185136456630759e-14  0.000000000000000e+00
-1.735307910793860e+02  6.917216550376313e-14  0.000000000000000e+00
-1.523448479326670e+02  1.501186893789174e-13  0.000000000000000e+00
-1.337454426371858e+02  3.255440750370036e-13  0.000000000000000e+00
-1.174167911906601e+02  7.053876026097523e-13  0.000000000000000e+00
-1.030816628524430e+02  1.527077081284985e-12  0.000000000000000e+00
-9.049667327083310e+01  3.302808859555734e-12  0.000000000000000e+00
-7.944815226037943e+01  7.136306263786750e-12  0.000000000000000e+00
-6.974851607157196e+01  1.540336961881868e-11  0.000000000000000e+00
-6.123308256066890e+01  3.321272746474310e-11  0.000000000000000e+00
-5.375727518704843e+01  7.153984805504783e-11  0.000000000000000e+00
-4.719416836705718e+01  1.539476962796973e-10  0.000000000000000e+00
-4.143233250893690e+01  3.310032532784505e-10  0.000000000000000e+00
-3.637394214144983e+01  7.112294019177286e-10  0.000000000000000e+00
-3.193311501567591e+01  1.527671398916952e-09  0.000000000000000e+00
-2.803445398095672e+01  3.281437944224146e-09  0.000000000000000e+00
-2.461176687869750e+01  7.052341599617942e-09  0.000000000000000e+00
-2.160694272015747e+01  1.517400432985904e-08  0.000000000000000e+00
-1.896896506777508e+01  3.270661504728861e-08  0.000000000000000e+00
-1.665304586904183e+01  7.065163541697872e-08  0.000000000000000e+00
-1.461986503700226e+01  1.529000483739033e-07  0.000000000000000e+00
-1.283490286684293e+01  3.306508225909141e-07  0.000000000000000e+00
-1.126785395422101e+01  7.082507994301862e-07  0.000000000000000e+00
-9.892112664733784e+00  1.462307540440709e-06  0.000000000000000e+00
-8.684321418738357e+00  2.655995738756390e-06  0.000000000000000e+00
-7.623974122221350e+00  2.901505664529349e-06  0.000000000000000e+00
-6.693068010697357e+00  1.803123258219951e-05  0.000000000000000e+00
-5.875797995080128e+00  3.061475438929935e-03  0.000000000000000e+00
-5.158288320076576e+00  1.870241998595441e+00  0.000000000000000e+00
-4.528356979152125e+00  1.953625119641338e-01  0.000000000000000e+00
-3.975308886262888e+00  9.857714230226584e-03  0.000000000000000e+00
-3.489754292787727e+00  1.887674086588168e-03  0.000000000000000e+00
-3.063449366710606e+00  6.447578319791218e-04  0.000000000000000e+00
-2.689156227378316e+00  3.022348079715741e-04  0.000000000000000e+00
-2.360520059478893e+00  1.725668371222942e-04  0.000000000000000e+00
-2.071961219860023e+00  1.125541800165004e-04  0.000000000000000e+00
-1.818580505357884e+00  8.069065177711622e-05  0.000000000000000e+00
-1.596075973256811e+00  6.201570034167103e-05  0.000000000000000e+00
-1.400669902142779e+00  5.023229514163886e-05  0.000000000000000e+00
-1.229044653079146e+00  4.236368447837621e-05  0.000000000000000e+00
-1.078286342144303e+00  3.686996417025364e-05  0.000000000000000e+00
-9.458353679935810e-01  3.289511734920278e-05  0.000000000000000e+00
-8.294429544936014e-01  2.993455391810940e-05  0.000000000000000e+00
-7.271329706021931e-01  2.767601114451995e-05  0.000000000000000e+00
-6.371683792650307e-01  2.591817313000064e-05  0.000000000000000e+00
-5.580217456924081e-01  2.452664515288628e-05  0.000000000000000e+00
-4.883493043004440e-01  2.340897063453816e-05  0.000000000000000e+00
-4.269681440206386e-01  2.249985750900689e-05  0.000000000000000e+00
-3.728361246259274e-01  2.175212256701619e-05  0.000000000000000e+00
-3.250341830890510e-01  2.113096294992406e-05  0.000000000000000e+00
-2.827507295674541e-01  2.061022991145267e-05  0.000000000000000e+00
-2.452678680869784e-01  2.016994405535218e-05  0.000000000000000e+00
-2.119492079766714e-01  1.979460109618768e-05  0.000000000000000e+00
-1.822290591150932e-01  1.947199313656162e-05  0.000000000000000e+00
-1.556028275430906e-01  1.919237340458644e-05  0.000000000000000e+00
-1.316184483780543e-01  1.894785428872597e-05  0.000000000000000e+00
-1.098687105761543e-01  1.873196664544205e-05  0.000000000000000e+00
-8.998434323100599e-02  1.853933239151058e-05  0.000000000000000e+00
-7.162774602672024e-02  1.836541785965508e-05  0.000000000000000e+00
-5.448725739985649e-02  1.820634554302904e-05  0.000000000000000e+00
-3.827186309411580e-02  1.805874863406265e-05  0.000000000000000e+00
-2.270625526867720e-02  1.791965737509661e-05  0.000000000000000e+00
-7.526158272841874e-03  1.778640943270351e-05  0.000000000000000e+00
 7.526158272841874e-03  1.765654264467043e-05  0.000000000000000e+00
 2.270625526867720e-02  1.752776117685504e-05  0.000000000000000e+00
 3.827186309411580e-02  1.739796902505152e-05  0.000000000000000e+00
 5.448725739985649e-02  1.726514612767623e-05  0.000000000000000e+00
 7.162774602672024e-02  1.712734229130854e-05  0.000000000000000e+00
 8.998434323100599e-02  1.698265945682691e-05  0.000000000000000e+00
 1.098687105761543e-01  1.682924223584331e-05  0.000000000000000e+00
 1.316184483780543e-01  1.666527712707897e-05  0.000000000000000e+00
 1.556028275430906e-01  1.648900115934760e-05  0.000000000000000e+00
 1.822290591150932e-01  1.629872095889002e-05  0.000000000000000e+00
 2.119492079766714e-01  1.609284336737023e-05  0.000000000000000e+00
 2.452678680869784e-01  1.586991867829926e-05  0.000000000000000e+00
 2.827507295674541e-01  1.562869721032738e-05  0.000000000000000e+00
 3.250341830890510e-01  1.536819913422435e-05  0.000000000000000e+00
 3.728361246259274e-01  1.508779596341748e-05  0.000000000000000e+00
 4.269681440206386e-01  1.478729949686339e-05  0.000000000000000e+00
 4.883493043004440e-01  1.446704957407270e-05  0.000000000000000e+00
 5.580217456924081e-01  1.412798451773095e-05  0.000000000000000e+00
 6.371683792650307e-01  1.377166522342932e-05  0.000000000000000e+00
 7.271329706021931e-01  1.340020075091529e-05  0.000000000000000e+00
 8.294429544936014e-01  1.301598005366212e-05  0.000000000000000e+00
 9.458353679935810e-01  1.262102974978807e-05  0.000000000000000e+00
 1.078286342144303e+00  1.221564407397500e-05  0.000000000000000e+00
 1.229044653079146e+00  1.179556221830127e-05  0.000000000000000e+00
 1.400669902142779e+00  1.134614962542363e-05  0.000000000000000e+00
 1.596075973256811e+00  1.083019457039476e-05  0.000000000000000e+00
 1.818580505357884e+00  1.016181497720199e-05  0.000000000000000e+00
 2.071961219860023e+00  9.150850836071122e-06  0.000000000000000e+00
 2.360520059478893e+00  7.397032831593597e-06  0.000000000000000e+00
 2.689156227378316e+00  4.235327245317160e-06  0.000000000000000e+00
 3.063449366710606e+00  5.956555892708098e-07  0.000000000000000e+00
 3.489754292787727e+00  3.022168492914047e-05  0.000000000000000e+00
 3.975308886262888e+00  8.323424786394302e-04  0.000000000000000e+00
 4.528356979152125e+00  4.566273541154107e-02  0.000000000000000e+00
 5.158288320076576e+00  1.024640584890572e+00  0.000000000000000e+00
 5.875797995080128e+00  1.394873448248243e-02  0.000000000000000e+00
 6.693068010697357e+00  1.008300137537572e-03  0.000000000000000e+00
 7.623974122221350e+00  1.559198626023486e-04  0.000000000000000e+00
 8.684321418738357e+00  3.529516330777208e-05  0.000000000000000e+00
 9.892112664733784e+00  9.958661141997738e-06  0.000000000000000e+00
 1.126785395422101e+01  3.228649777085250e-06  0.000000000000000e+00
 1.283490286684293e+01  1.148449762379755e-06  0.000000000000000e+00
 1.461986503700226e+01  4.356692934920345e-07  0.000000000000000e+00
 1.665304586904183e+01  1.730459769233819e-07  0.000000000000000e+00
 1.896896506777508e+01  7.107560841525981e-08  0.000000000000000e+00
 2.160694272015747e+01  2.992715858626859e-08  0.000000000000000e+00
 2.461176687869750e+01  1.283824631521797e-08  0.000000000000000e+00
 2.803445398095672e+01  5.585792687466794e-09  0.000000000000000e+00
 3.193311501567591e+01  2.456740601556182e-09  0.000000000000000e+00
 3.637394214144983e+01  1.089561030052543e-09  0.000000000000000e+00
 4.143233250893690e+01  4.863505062070883e-10  0.000000000000000e+00
 4.719416836705718e+01  2.181903954883988e-10  0.000000000000000e+00
 5.375727518704843e+01  9.827391319208462e-11  0.000000000000000e+00
 6.123308256066890e+01  4.440111979602397e-11  0.000000000000000e+00
 6.974851607157196e+01  2.011043882732538e-11  0.000000000000000e+00
 7.944815226037943e+01  9.126464116440335e-12  0.000000000000000e+00
 9.049667327083310e+01  4.148262129522246e-12  0.000000000000000e+00
 1.030816628524430e+02  1.887897877704004e-12  0.000000000000000e+00
 1.174167911906601e+02  8.600701781119762e-13  0.000000000000000e+00
 1.337454426371858e+02  3.921469119222607e-13  0.000000000000000e+00
 1.523448479326670e+02  1.789191398836578e-13  0.000000000000000e+00
 1.735307910793860e+02  8.167795642437444e-14  0.000000000000000e+00
 1.976629707780657e+02  3.730357523717953e-14  0.000000000000000e+00
 2.251511074562132e+02  1.704352141948960e-14  0.000000000000000e+00
 2.564618995742148e+02  7.789395757425029e-15  0.000000000000000e+00
 2.921269473145814e+02  3.560912068783966e-15  0.000000000000000e+00
 3.327517781841398e+02  1.628221106359345e-15  0.000000000000000e+00
 3.790261277674542e+02  7.446377996390987e-16  0.000000000000000e+00
 4.317356501799281e+02  3.405994306973678e-16  0.000000000000000e+00
 4.917752570427322e+02  1.558115383057868e-16  0.000000000000000e+00
 5.601643114510507e+02  7.128589796377816e-17  0.000000000000000e+00
 6.380639349015282e+02  3.261736041257906e-17  0.000000000000000e+00
 7.267967210189971e+02  1.492551073002273e-17  0.000000000000000e+00
 8.278691907856422e+02  6.830299713857425e-18  0.000000000000000e+00
 9.429973705214711e+02  3.125908385111136e-18  0.000000000000000e+00
 1.074135926883555e+03  1.430655456711086e-18  0.000000000000000e+00
 1.223511353543258e+03  6.548067261184138e-19  0.000000000000000e+00
 1.393659772990731e+03  2.997145759919303e-19  0.000000000000000e+00
 1.587469995272399e+03  1.371882833979888e-19  0.000000000000000e+00
 1.808232564720352e+03  6.279697017340510e-20  0.000000000000000e+00
 2.059695627397703e+03  2.874558986654501e-20  0.000000000000000e+00
 2.346128567787282e+03  1.315870674000381e-20  0.000000000000000e+00
 2.672394495158696e+03  6.023701143040513e-21  0.000000000000000e+00
 3.044032810300149e+03  2.757533472941605e-21  0.000000000000000e+00
 3.467353254447574e+03  1.262363473996394e-21  0.000000000000000e+00
 3.949543037190581e+03  5.779010754798529e-22  0.000000000000000e+00
 4.498788862191759e+03  2.645619302899022e-22  0.000000000000000e+00
 5.124415922493582e+03  1.211170719113413e-22  0.000000000000000e+00
 5.837046225300022e+03  5.544814436720178e-23  0.000000000000000e+00
 6.648778934299009e+03  2.538468951312437e-23  0.000000000000000e+00
 7.573395791409644e+03  1.162142765369671e-23  0.000000000000000e+00
 8.626595105641130e+03  5.320464515165748e-24  0.000000000000000e+00
 9.826258281767752e+03  2.435800732789714e-24  0.000000000000000e+00
 1.119275341399089e+04  1.115156539037779e-24  0.000000000000000e+00
 1.274928109905528e+04  5.105420935774102e-25  0.000000000000000e+00
 1.452226834009595e+04  2.337376713109605e-25  0.000000000000000e+00
 1.654181722898503e+04  1.070106819784952e-25  0.000000000000000e+00
 1.884221602498708e+04  4.899216777905224e-26  0.000000000000000e+00
 2.146252130690695e+04  2.242989034037512e-26  0.000000000000000e+00
 2.444722108261276e+04  1.026900805854512e-26  0.000000000000000e+00
 2.784699011432457e+04  4.701436610446812e-27  0.000000000000000e+00
 3.171955028371615e+04  2.152451276462538e-27  0.000000000000000e+00
 3.613065060426105e+04  9.854546610797006e-28  0.000000000000000e+00
 4.115518351964547e+04  4.511702661608157e-28  0.000000000000000e+00
 4.687845644096198e+04  2.065592911099257e-28  0.000000000000000e+00
 5.339764011106704e+04  9.456912843153599e-29  0.000000000000000e+00
 6.082341838668904e+04  4.329665837246663e-29  0.000000000000000e+00
 6.928186744858118e+04  1.982255675363816e-29  0.000000000000000e+00
 7.891659634528217e+04  9.075388452511822e-30  0.000000000000000e+00
 8.989118521301515e+04  4.154999792451476e-30  0.000000000000000e+00
 1.023919625682567e+05  1.902291168364580e-30  0.000000000000000e+00
 1.166311688263411e+05  8.709298067086916e-31  0.000000000000000e+00
 1.328505597568784e+05  3.987396948270120e-31  0.000000000000000e+00
 1.513255110560943e+05  1.825559224186000e-31  0.000000000000000e+00
 1.723696937242471e+05  8.358002586913046e-32  0.000000000000000e+00
 1.963403996275087e+05  3.826565758260569e-32  0.000000000000000e+00
 2.236446076626448e+05  1.751926786826353e-32  0.000000000000000e+00
 2.547458935169168e+05  8.020894539246121e-33  0.000000000000000e+00
 2.901723003383260e+05  3.672228784775177e-33  0.000000000000000e+00
 3.305253039458470e+05  1.681267110793861e-33  0.000000000000000e+00
 3.764900247925737e+05  7.697394744544717e-34  0.000000000000000e+00
 4.288468600622962e+05  3.524121303587910e-34  0.000000000000000e+00
 4.884847333913154e+05  1.613459174656527e-34  0.000000000000000e+00
 5.564161871716211e+05  7.386949841971021e-35  0.000000000000000e+00
 6.337945736752234e+05  3.381990255389017e-35  0.000000000000000e+00
 7.219336368736163e+05  1.548387234986265e-35  0.000000000000000e+00
 8.223298174159469e+05  7.089030384681810e-36  0.000000000000000e+00
 9.366876594638111e+05  3.245593428331878e-36  0.000000000000000e+00
