-9.366876594638111e+05  1.197495143872979e-15 -3.147086700408943e-06
-8.223298174159469e+05  2.451039026497058e-15 -4.289572404655910e-06
-7.219336368736163e+05  3.069887361315775e-15 -4.237796687253412e-06
-6.337945736752234e+05  1.609877645529619e-15 -2.565221976437153e-06
-5.564161871716211e+05 -3.254819441319704e-16  6.300582951975092e-07
-4.884847333913154e+05 -7.125716323086905e-16  4.826673528257488e-06
-4.288468600622962e+05 -5.928682898825420e-15  9.224992688164366e-06
-3.764900247925737e+05 -2.042054346202954e-14  1.247805448588500e-05
-3.305253039458470e+05 -3.523576692067145e-14  1.313130541712359e-05
-2.901723003383260e+05 -3.343218140298218e-14  1.054630538113369e-05
-2.547458935169168e+05  2.291709865207995e-16  5.482471912663681e-06
-2.236446076626448e+05  4.720693475889574e-14  2.023050949522325e-07
-1.963403996275087e+05  8.313258271258915e-14 -2.500115047452066e-06
-1.723696937242471e+05  6.855927195806349e-14 -4.612250967789763e-07
-1.513255110560943e+05 -2.739956637974504e-14  6.406126095771775e-06
-1.328505597568784e+05 -2.370973903797158e-13  1.552475095333093e-05
-1.166311688263411e+05 -5.892950160958614e-13  2.207706923970964e-05
-1.023919625682567e+05 -6.694347247620121e-13  2.051569249861398e-05
-8.989118521301515e+04 -8.079690830301138e-14  8.585672128550763e-06
-7.891659634528217e+04  1.032045208978043e-12 -1.018421266711548e-05
-6.928186744858118e+04  2.181008041534041e-12 -2.724935408171965e-05
-6.082341838668904e+04  3.134385064007359e-12 -3.282293444972445e-05
-5.339764011106704e+04  3.676451510140611e-12 -2.101979991898678e-05
-4.687845644096198e+04  7.901304604395128e-13  5.542364187746604e-06
-4.115518351964547e+04 -6.904631686278100e-12  3.285931717224126e-05
-3.613065060426105e+04 -1.322654748194876e-11  4.146214065294439e-05
-3.171955028371615e+04 -8.771106725105739e-12  2.040867383127563e-05
-2.784699011432457e+04  1.258234417909754e-11 -2.159591758893582e-05
-2.444722108261276e+04  4.202618279325288e-11 -5.705317323153064e-05
-2.146252130690695e+04  4.882510493897817e-11 -5.752846304250666e-05
-1.884221602498708e+04  2.517812477560238e-12 -2.072353012116510e-05
-1.654181722898503e+04 -7.527663547296254e-11  1.726423500838864e-05
-1.452226834009595e+04 -8.097925609130105e-11  6.064054151193104e-06
-1.274928109905528e+04  1.038442545370442e-10 -6.632776883457790e-05
-1.119275341399089e+04  4.458407828975658e-10 -1.399094749154870e-04
-9.826258281767752e+03  5.145814677172592e-10 -1.239365171190421e-04
-8.626595105641130e+03 -1.962951500364941e-10 -9.830379996357520e-06
-7.573395791409644e+03 -1.132348374932865e-09  7.196202005571825e-05
-6.648778934299009e+03 -4.457677692380108e-10 -3.900779945382838e-06
-5.837046225300022e+03  2.073010884338972e-09 -1.290281809394167e-04
-5.124415922493582e+03  1.526553040367006e-09 -5.801772596779372e-05
-4.498788862191759e+03 -4.373862845698723e-09  1.390422653638151e-04
-3.949543037190581e+03 -4.586247504153042e-09  1.048887699735204e-04
-3.467353254447574e+03  5.259701653400288e-09 -7.813570621999256e-05
-3.044032810300149e+03 -4.541991070491300e-10  2.817822387593089e-05
-2.672394495158696e+03 -1.807271099846709e-08  1.949608536980159e-04
-2.346128567787282e+03  1.888246329718796e-09  1.444951357672881e-05
-2.059695627397703e+03  6.367189629567676e-09 -2.885860768776927e-05
-1.808232564720352e+03 -4.288891705009003e-08  1.623460225678381e-04
-1.587469995272399e+03  5.831909597610378e-09 -1.389472814175711e-05
-1.393659772990731e+03  3.353146295693949e-08 -1.071635044947080e-04
-1.223511353543258e+03 -8.969076490480719e-08  7.305545572365834e-05
-1.074135926883555e+03  4.105850710999882e-08 -1.490144922599867e-04
-9.429973705214711e+02  5.128710198020029e-08 -1.831939210560715e-04
-8.278691907856422e+02 -1.586114934147175e-07 -3.656011842258938e-05
-7.267967210189971e+02  3.170877897620048e-07 -2.970886790882428e-04
-6.380639349015282e+02  6.356775268566850e-08 -1.343302529656312e-04
-5.601643114510507e+02 -1.469335369592394e-07 -7.044790683049952e-05
-4.917752570427322e+02  3.880556061600908e-07 -1.876130068397158e-04
-4.317356501799281e+02 -9.551026305048750e-07  1.700649734993007e-04
-3.790261277674542e+02  6.443111368403776e-07  9.822959848466803e-07
-3.327517781841398e+02 -3.837745311753748e-07  1.620924144460569e-04
-2.921269473145814e+02 -2.400652964933799e-06  3.104029457241553e-04
-2.564618995742148e+02  4.620146093414511e-07  5.841188659704634e-05
-2.251511074562132e+02 -5.694237082005834e-06  3.451085885695371e-04
-1.976629707780657e+02  3.245786512234059e-06 -3.917413893015443e-05
-1.735307910793860e+02 -3.086903841656051e-06  1.525253650666526e-04
-1.523448479326670e+02 -7.285047890268525e-07  8.489192137368996e-05
-1.337454426371858e+02  1.025368828089802e-05 -5.880646994583831e-05
-1.174167911906601e+02 -7.511770310996062e-06  3.095751138936764e-04
-1.030816628524430e+02  3.227318838988627e-05 -7.970938200510953e-06
-9.049667327083310e+01 -3.755489059153644e-05  5.877374009633760e-04
-7.944815226037943e+01  2.047394959804362e-05  2.162505351033311e-04
-6.974851607157196e+01 -3.388691136657917e-05  5.503420147867246e-04
-6.123308256066890e+01 -1.979401246812362e-05  2.271463665298336e-04
-5.375727518704843e+01 -2.165003557869647e-05  6.740140817366892e-05
-4.719416836705718e+01  1.550824495150590e-04 -1.875077976280396e-04
-4.143233250893690e+01  1.716020458625272e-04 -5.642175998135774e-04
-3.637394214144983e+01 -5.243010447028988e-05 -2.133308876346148e-04
-3.193311501567591e+01  9.140303543944166e-04 -5.424079579053009e-04
-2.803445398095672e+01 -7.279653060109230e-04  6.387741838120744e-04
-2.461176687869750e+01  5.637301297970624e-04  5.895923721140256e-04
-2.160694272015747e+01 -1.118912604678703e-03  2.094991718845211e-03
-1.896896506777508e+01 -1.751657307982742e-04  1.874029672845392e-03
-1.665304586904183e+01 -2.508704640594281e-03  3.034395863952058e-03
-1.461986503700226e+01 -6.010403048312156e-05  1.983012407150158e-03
-1.283490286684293e+01 -2.237833579810710e-03  2.912317770594221e-03
-1.126785395422101e+01  6.861468015970275e-03  1.384103360187018e-03
-9.892112664733784e+00 -3.453842324016985e-03  3.582624305625029e-03
-8.684321418738357e+00  2.364513838848702e-02  2.884273328967260e-03
-7.623974122221350e+00 -1.828743130547205e-02  9.008778739638953e-03
-6.693068010697357e+00  4.123846548261229e-02  1.113860902984643e-02
-5.875797995080128e+00 -1.025396752275625e-01  3.081832525533073e-02
-5.158288320076576e+00  1.065283789841027e-01  6.784426837436197e-02
-4.528356979152125e+00 -2.146935394748692e-01  4.552477273257128e-02
-3.975308886262888e+00  1.335096112838767e-01  2.149067170464799e-02
-3.489754292787727e+00 -1.986785435925176e-01  1.875018476872791e-02
-3.063449366710606e+00  2.827068454995858e-01  8.584790907847861e-03
-2.689156227378316e+00 -6.603685604952515e-02  9.753233511568593e-03
-2.360520059478893e+00  4.481144905785454e-01  5.559669016496654e-03
-2.071961219860023e+00 -2.774925171421434e-01  1.138059695633731e-02
-1.818580505357884e+00 -2.595280591122544e-01  1.105151080451740e-02
-1.596075973256811e+00 -1.555883579821824e+00  1.584305207192230e-02
-1.400669902142779e+00 -4.440613154563459e-01  9.477810151710968e-03
-1.229044653079146e+00 -7.617770418805847e-01  6.869284244572744e-03
-1.078286342144303e+00  5.755854738143251e+00 -4.496322328810452e-03
-9.458353679935810e-01  2.025227831747588e+00 -1.737568597541977e-03
-8.294429544936014e-01  9.906639885311874e+00  4.467882617159753e-03
-7.271329706021931e-01 -2.962572846410102e+01  3.051585577343570e-02
-6.371683792650307e-01 -1.107479403795809e+01  1.533114672145264e-02
-5.580217456924081e-01  4.793088776750169e+01 -1.007662135844552e-02
-4.883493043004440e-01  1.748239507097236e+01  1.872668118775526e-03
-4.269681440206386e-01 -7.919068145513781e+01  2.667978515204536e-02
-3.728361246259274e-01  9.604447526335072e+01 -5.181822692453389e-04
-3.250341830890510e-01 -1.233953402339366e+02  2.219417288340142e-02
-2.827507295674541e-01  9.514984795051051e+01  4.868595147634653e-03
-2.452678680869784e-01 -3.496718820074052e+01  1.547260964485324e-02
-2.119492079766714e-01  6.620563497111637e+01  1.143835936041420e-02
-1.822290591150932e-01 -2.640240288041053e+01  1.453146240488400e-02
-1.556028275430906e-01 -9.019727009972097e+01  1.401337748031714e-02
-1.316184483780543e-01 -1.198164642427752e+02  1.372687661737777e-02
-1.098687105761543e-01 -2.817931528821377e+02  1.498127289058019e-02
-8.998434323100599e-02 -3.872498556851631e+02  1.579522597195026e-02
-7.162774602672024e-02  4.448530576672605e+02  1.761495131559921e-02
-5.448725739985649e-02 -1.520114919779076e+03  2.074020567976766e-02
-3.827186309411580e-02  1.015407556822754e+02  1.546879960287660e-02
-2.270625526867720e-02  2.629616397683425e+03 -9.025607052668212e-03
-7.526158272841874e-03 -6.350995950645817e+04  1.126161197382673e-04
 7.526158272841874e-03 -8.415742627760787e+04  2.311580767964136e-03
 2.270625526867720e-02  5.741524513907299e+03 -1.018363459564644e-02
 3.827186309411580e-02 -6.808446741093396e+00  1.310141190657978e-02
 5.448725739985649e-02 -7.459657963598000e+02  1.852807202221293e-02
 7.162774602672024e-02  7.206197675298516e+02  1.626411911392228e-02
 8.998434323100599e-02 -4.983882090554750e+02  1.512859650377560e-02
 1.098687105761543e-01  5.386837047135090e+00  1.303569547127219e-02
 1.316184483780543e-01 -1.996068176864818e+02  1.226745931777414e-02
 1.556028275430906e-01 -8.152876200101316e+01  1.200519652029965e-02
 1.822290591150932e-01  3.074388459864556e+01  1.180601420856433e-02
 2.119492079766714e-01  4.393541949199888e+01  1.043726368997374e-02
 2.452678680869784e-01  1.057235272691029e+01  1.232993680150025e-02
 2.827507295674541e-01  8.001799037603044e+01  7.024863343882735e-03
 3.250341830890510e-01 -7.767231674219695e+01  1.805462230011683e-02
 3.728361246259274e-01  5.557952392716513e+01  3.518834425204453e-03
 4.269681440206386e-01 -5.387782973078556e+01  2.121813052176698e-02
 4.883493043004440e-01  2.589157464614379e+01  9.975551337998976e-04
 5.580217456924081e-01  1.790231281481150e+01  7.916261480145534e-04
 6.371683792650307e-01 -9.833892051048609e+00  1.589901449887511e-02
 7.271329706021931e-01 -1.652219018489894e+01  2.094180846053782e-02
 8.294429544936014e-01  8.190658820002435e+00  2.316607105175640e-03
 9.458353679935810e-01  1.685806285446805e+00  1.271363178105496e-03
 1.078286342144303e+00  3.694444303106600e+00  8.892749176361621e-04
 1.229044653079146e+00 -1.014379123630166e+00  9.029023652928257e-03
 1.400669902142779e+00 -5.208318626379441e-01  1.010369307317623e-02
 1.596075973256811e+00 -1.011242792370620e+00  1.312719391592552e-02
 1.818580505357884e+00 -1.949328353696391e-02  9.277339152275970e-03
 2.071961219860023e+00 -1.067664763631669e-01  8.729234648303275e-03
 2.360520059478893e+00  3.443610195187734e-01  5.444168583490512e-03
 2.689156227378316e+00 -2.242577479270444e-03  7.516939890908736e-03
 3.063449366710606e+00  9.804413996120302e-02  7.830925388946423e-03
 3.489754292787727e+00 -9.339103070206743e-02  1.257495099706065e-02
 3.975308886262888e+00  3.488678107240042e-02  1.508879894870896e-02
 4.528356979152125e+00 -8.845134169200836e-02  2.684332165097598e-02
 5.158288320076576e+00  1.774592115531442e-02  4.823804162705495e-02
 5.875797995080128e+00 -3.689538004685667e-02  2.180066212521062e-02
 6.693068010697357e+00  2.123901382192358e-02  9.207076118959349e-03
 7.623974122221350e+00  1.142174824827757e-04  5.902530750847070e-03
 8.684321418738357e+00  1.696157523949555e-02  2.459776837159278e-03
 9.892112664733784e+00 -5.696512358043522e-04  2.483062506251087e-03
 1.126785395422101e+01  5.061381796607478e-03  1.366642279778922e-03
 1.283490286684293e+01 -1.587600588771013e-03  2.289681086263590e-03
 1.461986503700226e+01  6.555837984125424e-04  1.641214454017481e-03
 1.665304586904183e+01 -1.908896968658661e-03  2.326783173607125e-03
 1.896896506777508e+01  6.510923954673323e-04  1.342646596550555e-03
 2.160694272015747e+01 -7.348061116405715e-04  1.623211321806627e-03
 2.461176687869750e+01  6.076153705655620e-04  4.523774697578804e-04
 2.803445398095672e+01 -6.003694642818908e-04  7.055818971229270e-04
 3.193311501567591e+01  5.874912438823413e-04 -2.535681591818795e-04
 3.637394214144983e+01 -1.325526329543104e-04  1.577362682846406e-04
 4.143233250893690e+01  1.728718428229216e-04 -2.795308883143226e-04
 4.719416836705718e+01 -3.583005254133595e-06  1.119574123978793e-04
 5.375727518704843e+01 -2.418893965148848e-06  5.679568359757376e-05
 6.123308256066890e+01 -9.915517026116958e-06  1.477714735796783e-04
 6.974851607157196e+01 -1.839686011624357e-05  2.288026988651834e-04
 7.944815226037943e+01  2.572220259467261e-05 -4.486394478439997e-05
 9.049667327083310e+01 -1.038377516211706e-05  1.839640809275515e-04
 1.030816628524430e+02  3.648333837058444e-05 -2.371474902583228e-04
 1.174167911906601e+02 -2.111529235665968e-07  6.678527587198871e-05
 1.337454426371858e+02  1.018877382329333e-05 -1.685229990825104e-04
 1.523448479326670e+02 -1.780648694175216e-06  2.378399236902421e-05
 1.735307910793860e+02 -2.708732388540737e-06  7.445202990813749e-05
 1.976629707780657e+02  1.063041160650645e-06 -1.214075953979571e-05
 2.251511074562132e+02 -4.606235763051951e-06  2.520796790344119e-04
 2.564618995742148e+02  1.382041517439421e-07  1.501652618489465e-05
 2.921269473145814e+02 -2.045636369644824e-06  1.816252661561300e-04
 3.327517781841398e+02 -1.368929558543692e-07  2.663970136198418e-05
 3.790261277674542e+02  7.412723841048529e-07 -1.104527089234973e-04
 4.317356501799281e+02 -3.962556796160055e-07 -1.545455049050575e-05
 4.917752570427322e+02  3.739691007531337e-07 -2.685526704574348e-04
 5.601643114510507e+02 -1.257874140808475e-07 -1.643878620614535e-04
 6.380639349015282e+02  7.352452112623380e-08 -1.971482331720397e-04
 7.267967210189971e+02  2.411007690341617e-07 -2.898671043500360e-04
 8.278691907856422e+02 -1.157553110872963e-07 -8.582529260388420e-05
 9.429973705214711e+02  3.811659551490540e-08 -1.694722609389061e-04
 1.074135926883555e+03  5.590896815527293e-08 -1.318975618375532e-04
 1.223511353543258e+03 -5.720015280333886e-08  4.195099491866359e-05
 1.393659772990731e+03  7.114902385879229e-09 -6.551282555942936e-05
 1.587469995272399e+03 -3.309549546656748e-09 -4.748769448426911e-06
 1.808232564720352e+03 -2.918251307863601e-08  1.130787248472976e-04
 2.059695627397703e+03  2.396334893741689e-09 -1.643667086419420e-05
 2.346128567787282e+03 -9.592812379766204e-10  5.431713251872373e-06
 2.672394495158696e+03 -1.219105968195714e-08  1.276683270419876e-04
 3.044032810300149e+03 -4.096225335169882e-10  2.456791642903409e-05
 3.467353254447574e+03  3.008407285170820e-09 -4.874968528495758e-05
 3.949543037190581e+03 -3.323442002480200e-09  6.852464060437622e-05
 4.498788862191759e+03 -3.125789716080647e-09  9.784648255555335e-05
 5.124415922493582e+03  6.387935950900778e-10 -2.635744871936607e-05
 5.837046225300022e+03  1.213958132989926e-09 -7.875639241099881e-05
 6.648778934299009e+03 -2.511360835030669e-10 -4.606309031405598e-06
 7.573395791409644e+03 -7.123725491835774e-10  4.285853499710250e-05
 8.626595105641130e+03 -1.576190384181175e-10 -1.156027602127679e-05
 9.826258281767752e+03  3.477689898459514e-10 -9.152291655888574e-05
 1.119275341399089e+04  3.099844190932543e-10 -1.088426786749249e-04
 1.274928109905528e+04  8.134066287552469e-11 -6.474665154180654e-05
 1.452226834009595e+04 -3.637387312844368e-11 -1.707046245524247e-05
 1.654181722898503e+04 -4.514489978202943e-11 -6.124396243835456e-06
 1.884221602498708e+04  5.335600376683832e-13 -2.722157461053407e-05
 2.146252130690695e+04  3.212063812548535e-11 -4.888326560808034e-05
 2.444722108261276e+04  3.252983901961588e-11 -4.709443422706019e-05
 2.784699011432457e+04  1.159469701545881e-11 -2.168794580305599e-05
 3.171955028371615e+04 -5.876229940827422e-12  8.934505897580856e-06
 3.613065060426105e+04 -1.027385149955827e-11  2.574944857523365e-05
 4.115518351964547e+04 -4.871019887567613e-12  2.181670965430625e-05
 4.687845644096198e+04  1.281752203678427e-12  4.117166417822409e-06
 5.339764011106704e+04  2.760754588672655e-12 -1.406282514795066e-05
 6.082341838668904e+04  2.244421332409501e-12 -2.337708972626882e-05
 6.928186744858118e+04  1.733322347235918e-12 -2.143387802580109e-05
 7.891659634528217e+04  9.751810919005885e-13 -1.127873772529682e-05
 8.989118521301515e+04  1.559905748661576e-13  9.740510268022852e-07
 1.023919625682567e+05 -3.156047489406254e-13  9.599516572113578e-06
 1.166311688263411e+05 -3.780710513336013e-13  1.205755106424635e-05
 1.328505597568784e+05 -1.928509523495671e-13  9.309788916398565e-06
 1.513255110560943e+05 -3.899221961373216e-14  4.640676922251942e-06
 1.723696937242471e+05  3.301655275132335e-14  1.212438034389759e-06
 1.963403996275087e+05  4.464362308862930e-14  6.926703177114060e-07
 2.236446076626448e+05  3.091946545388372e-14  2.989021590259976e-06
 2.547458935169168e+05 -9.130252676060705e-15  6.852491392668423e-06
 2.901723003383260e+05 -3.862979739287325e-14  1.030332737964856e-05
 3.305253039458470e+05 -2.956264546007522e-14  1.161121779171078e-05
 3.764900247925737e+05 -1.363039698510876e-14  1.049372215187910e-05
 4.288468600622962e+05 -2.630473452078063e-15  7.520628679284022e-06
 4.884847333913154e+05  5.408122584153266e-17  3.761065063655664e-06
 5.564161871716211e+05  6.381903412809723e-16  1.587959958922497e-07
 6.337945736752234e+05  1.966216054924373e-15 -2.604146652326985e-06
 7.219336368736163e+05  2.204755997197063e-15 -4.062232914000183e-06
 8.223298174159469e+05  2.069216454222766e-15 -4.224728818105200e-06
 9.366876594638111e+05  1.085776112426202e-15 -3.305499036639624e-06
