-9.186894687374596e+05  8.714615254126820e-37  0.000000000000000e+00
-8.065289805582367e+05  1.903446074689535e-36  0.000000000000000e+00
-7.080618844736137e+05  4.157506231132330e-36  0.000000000000000e+00
-6.216163886600998e+05  9.080822936511061e-36  0.000000000000000e+00
-5.457248061560148e+05  1.983432702626552e-35  0.000000000000000e+00
-4.790986362118986e+05  4.332211885217140e-35  0.000000000000000e+00
-4.206066878962441e+05  9.462412173479665e-35  0.000000000000000e+00
-3.692558745352036e+05  2.066778709702361e-34  0.000000000000000e+00
-3.241743529108905e+05  4.514254447899786e-34  0.000000000000000e+00
-2.845967209525755e+05  9.860025074796833e-34  0.000000000000000e+00
-2.498510226045607e+05  2.153624204447662e-33  0.000000000000000e+00
-2.193473392370776e+05  4.703939593161392e-33  0.000000000000000e+00
-1.925677739031484e+05  1.027432842005904e-32  0.000000000000000e+00
-1.690576583923546e+05  2.244114607489371e-32  0.000000000000000e+00
-1.484178337933136e+05  4.901584407849983e-32  0.000000000000000e+00
-1.302978735028761e+05  1.070601344434618e-31  0.000000000000000e+00
-1.143901336210994e+05  2.338400563446203e-31  0.000000000000000e+00
-1.004245297185447e+05  5.107517096456981e-31  0.000000000000000e+00
-8.816395129492579e+04  1.115579493777116e-30  0.000000000000000e+00
-7.740023607497613e+04  2.436637680586538e-30  0.000000000000000e+00
-6.795063579241613e+04  5.322076253885625e-30  0.000000000000000e+00
-5.965471345747181e+04  1.162440926201804e-29  0.000000000000000e+00
-5.237161942920367e+04  2.538985999255355e-29  0.000000000000000e+00
-4.597770004531951e+04  5.545609459529398e-29  0.000000000000000e+00
-4.036439820836189e+04  1.211261066950618e-28  0.000000000000000e+00
-3.543641028405132e+04  2.645609035875536e-28  0.000000000000000e+00
-3.111006801927892e+04  5.778470810291392e-28  0.000000000000000e+00
-2.731191800766380e+04  1.262116497071421e-27  0.000000000000000e+00
-2.397747458459012e+04  2.756672164359166e-27  0.000000000000000e+00
-2.105012497815504e+04  6.021016798156569e-27  0.000000000000000e+00
-1.848016812748519e+04  1.315083906528041e-26  0.000000000000000e+00
-1.622397084930907e+04  2.872339963928009e-26  0.000000000000000e+00
-1.424322702603196e+04  6.273599604618672e-26  0.000000000000000e+00
-1.250430723767653e+04  1.370238401582443e-25  0.000000000000000e+00
-1.097768779562527e+04  2.992771952326804e-25  0.000000000000000e+00
-9.637449484198150e+03  6.536556356303248e-25  0.000000000000000e+00
-8.460837499611371e+03  1.427650801449135e-24  0.000000000000000e+00
-7.427875114882352e+03  3.118115788223617e-24  0.000000000000000e+00
-6.521024511415545e+03  6.810192039465213e-24  0.000000000000000e+00
-5.724889018807500e+03  1.487383344944133e-23  0.000000000000000e+00
-5.025951707445646e+03  3.248496483306583e-23  0.000000000000000e+00
-4.412345895679675e+03  7.094752390543452e-23  0.000000000000000e+00
-3.873653675195590e+03  1.549482876234446e-22  0.000000000000000e+00
-3.400729033920418e+03  3.383999266728029e-22  0.000000000000000e+00
-2.985542573406865e+03  7.390380780844838e-22  0.000000000000000e+00
-2.621045184282271e+03  1.613969988359045e-21  0.000000000000000e+00
-2.301048365219278e+03  3.524642223367848e-21  0.000000000000000e+00
-2.020119153462564e+03  7.697049181397501e-21  0.000000000000000e+00
-1.773487883023502e+03  1.680821583241989e-20  0.000000000000000e+00
-1.556967204444955e+03  3.670332172251430e-20  0.000000000000000e+00
-1.366880991239417e+03  8.014446356407218e-20  0.000000000000000e+00
-1.200001925961460e+03  1.749942487353492e-19  0.000000000000000e+00
-1.053496706239672e+03  3.820792460880640e-19  0.000000000000000e+00
-9.248779404664100e+02  8.341793773023345e-19  0.000000000000000e+00
-8.119619164218916e+02  1.821118403586154e-18  0.000000000000000e+00
-7.128315258207655e+02  3.975442409239793e-18  0.000000000000000e+00
-6.258037153075840e+02  8.677535824601175e-18  0.000000000000000e+00
-5.494009112784013e+02  1.893936076064730e-17  0.000000000000000e+00
-4.823259333740268e+02  4.133190919837730e-17  0.000000000000000e+00
-4.234399707217918e+02  9.018804548624761e-17  0.000000000000000e+00
-3.717432470025532e+02  1.967644002255337e-16  0.000000000000000e+00
-3.263580460710051e+02  4.292072814583515e-16  0.000000000000000e+00
-2.865138099352715e+02  9.360466966469466e-16  0.000000000000000e+00
-2.515340560866414e+02  2.040902051105357e-15  0.000000000000000e+00
-2.208248920595400e+02  4.448588690340586e-15  0.000000000000000e+00
-1.938649322199007e+02  9.693379422298971e-15  0.000000000000000e+00
-1.701964455873900e+02  2.111318609677559e-14  0.000000000000000e+00
-1.494175843976283e+02  4.596474858989790e-14  0.000000000000000e+00
-1.311755614595664e+02  1.000111268200159e-13  0.000000000000000e+00
-1.151606604719791e+02  2.174577624918226e-13  0.000000000000000e+00
-1.011009776051645e+02  4.724375365270949e-13  0.000000000000000e+00
-8.875780506949357e+01  1.025374693795191e-12  0.000000000000000e+00
-7.792157829221479e+01  2.222787563299708e-12  0.000000000000000e+00
-6.840831789296593e+01  4.811463063446888e-12  0.000000000000000e+00
-6.005650604921981e+01  1.039631817459150e-11  0.000000000000000e+00
-5.272434421804292e+01  2.241456656239412e-11  0.000000000000000e+00
-4.628734565528144e+01  4.819609575055156e-11  0.000000000000000e+00
-4.063622185753755e+01  1.032887421360820e-10  0.000000000000000e+00
-3.567502704257275e+01  2.204530403792009e-10  0.000000000000000e+00
-3.131952916479830e+01  4.681458680298455e-10  0.000000000000000e+00
-2.749577980866410e+01  9.879323296900862e-10  0.000000000000000e+00
-2.413885867934227e+01  2.068760033475415e-09  0.000000000000000e+00
-2.119177137444618e+01  4.290804814034277e-09  0.000000000000000e+00
-1.860448172295687e+01  8.795266850379421e-09  0.000000000000000e+00
-1.633306226223605e+01  1.776966070691617e-08  0.000000000000000e+00
-1.433894842977365e+01  3.527360267065098e-08  0.000000000000000e+00
-1.258828380720477e+01  6.854177630582671e-08  0.000000000000000e+00
-1.105134530003330e+01  1.298296644880330e-07  0.000000000000000e+00
-9.702038493661270e+00  2.386202030604213e-07  0.000000000000000e+00
-8.517454617789079e+00  4.235053148788105e-07  0.000000000000000e+00
-7.477481597249839e+00  7.223672653978594e-07  0.000000000000000e+00
-6.564462585629699e+00  1.179029256612476e-06  0.000000000000000e+00
-5.762896184197403e+00  1.835095093691498e-06  0.000000000000000e+00
-5.059173256407012e+00  2.717831622168246e-06  0.000000000000000e+00
-4.441345869563643e+00  3.828023665135186e-06  0.000000000000000e+00
-3.898924440702801e+00  5.133534394394160e-06  0.000000000000000e+00
-3.422699642590187e+00  6.572642561197617e-06  0.000000000000000e+00
-3.004586046130360e+00  8.066493737919998e-06  0.000000000000000e+00
-2.637484844517335e+00  9.535479813610902e-06  0.000000000000000e+00
-2.315163328433457e+00  1.091322577267203e-05  0.000000000000000e+00
-2.032149066005032e+00  1.215427799746451e-05  0.000000000000000e+00
-1.783636990883281e+00  1.323516239678384e-05  0.000000000000000e+00
-1.565407820975541e+00  1.415088406818879e-05  0.000000000000000e+00
-1.373756422725471e+00  1.490950220702277e-05  0.000000000000000e+00
-1.205428904698322e+00  1.552676793367992e-05  0.000000000000000e+00
-1.057567372434974e+00  1.602184498150062e-05  0.000000000000000e+00
-9.276614066128770e-01  1.641437368466240e-05  0.000000000000000e+00
-8.135054407014908e-01  1.672272147199611e-05  0.000000000000000e+00
-7.131613144625059e-01  1.696311499662454e-05  0.000000000000000e+00
-6.249253675215249e-01  1.714935188008613e-05  0.000000000000000e+00
-5.472995143200287e-01  1.729285320138937e-05  0.000000000000000e+00
-4.789658093530335e-01  1.740289066866198e-05  0.000000000000000e+00
-4.187640708565289e-01  1.748688355179146e-05  0.000000000000000e+00
-3.656721830356939e-01  1.755070473725913e-05  0.000000000000000e+00
-3.187887424016298e-01  1.759896445057818e-05  0.000000000000000e+00
-2.773177535830335e-01  1.763525804898571e-05  0.000000000000000e+00
-2.405551147755896e-01  1.766237445424252e-05  0.000000000000000e+00
-2.078766633766423e-01  1.768246709306571e-05  0.000000000000000e+00
-1.787275788418135e-01  1.769719160116759e-05  0.000000000000000e+00
-1.526129628433856e-01  1.770781529660159e-05  0.000000000000000e+00
-1.290894367987081e-01  1.771530332026152e-05  0.000000000000000e+00
-1.077576141099749e-01  1.772038583419838e-05  0.000000000000000e+00
-8.825531930772273e-02  1.772361001760571e-05  0.000000000000000e+00
-7.025143897146818e-02  1.772537993950156e-05  0.000000000000000e+00
-5.344030002732124e-02  1.772598677908320e-05  0.000000000000000e+00
-3.753647997631641e-02  1.772563133270477e-05  0.000000000000000e+00
-2.226996094059690e-02  1.772444029272746e-05  0.000000000000000e+00
-7.381545251988309e-03  1.772247740007975e-05  0.000000000000000e+00
 7.381545251988309e-03  1.772293647894188e-05  0.000000000000000e+00
 2.226996094059690e-02  1.772581581677577e-05  0.000000000000000e+00
 3.753647997631641e-02  1.772793319764058e-05  0.000000000000000e+00
 5.344030002732124e-02  1.772923901861950e-05  0.000000000000000e+00
 7.025143897146818e-02  1.772962027559297e-05  0.000000000000000e+00
 8.825531930772273e-02  1.772888945029806e-05  0.000000000000000e+00
 1.077576141099749e-01  1.772676818395631e-05  0.000000000000000e+00
 1.290894367987081e-01  1.772286461230494e-05  0.000000000000000e+00
 1.526129628433856e-01  1.771664284367602e-05  0.000000000000000e+00
 1.787275788418135e-01  1.770738259563068e-05  0.000000000000000e+00
 2.078766633766423e-01  1.769412645801580e-05  0.000000000000000e+00
 2.405551147755896e-01  1.767561162314252e-05  0.000000000000000e+00
 2.773177535830335e-01  1.765018224056939e-05  0.000000000000000e+00
 3.187887424016298e-01  1.761567787893253e-05  0.000000000000000e+00
 3.656721830356939e-01  1.756929304789203e-05  0.000000000000000e+00
 4.187640708565289e-01  1.750740261362390e-05  0.000000000000000e+00
 4.789658093530335e-01  1.742534870586431e-05  0.000000000000000e+00
 5.472995143200287e-01  1.731718717365181e-05  0.000000000000000e+00
 6.249253675215249e-01  1.717539712016808e-05  0.000000000000000e+00
 7.131613144625059e-01  1.699056757114197e-05  0.000000000000000e+00
 8.135054407014908e-01  1.675109383367321e-05  0.000000000000000e+00
 9.276614066128770e-01  1.644294634471293e-05  0.000000000000000e+00
 1.057567372434974e+00  1.604962065019254e-05  0.000000000000000e+00
 1.205428904698322e+00  1.555244026696102e-05  0.000000000000000e+00
 1.373756422725471e+00  1.493145882446594e-05  0.000000000000000e+00
 1.565407820975541e+00  1.416727131742618e-05  0.000000000000000e+00
 1.783636990883281e+00  1.324404320096781e-05  0.000000000000000e+00
 2.032149066005032e+00  1.215390619705083e-05  0.000000000000000e+00
 2.315163328433457e+00  1.090243056916543e-05  0.000000000000000e+00
 2.637484844517335e+00  9.514096602810309e-06  0.000000000000000e+00
 3.004586046130360e+00  8.035704847779748e-06  0.000000000000000e+00
 3.422699642590187e+00  6.535045060112390e-06  0.000000000000000e+00
 3.898924440702801e+00  5.092793910287839e-06  0.000000000000000e+00
 4.441345869563643e+00  3.788134347396854e-06  0.000000000000000e+00
 5.059173256407012e+00  2.682219760154694e-06  0.000000000000000e+00
 5.762896184197403e+00  1.805925366365126e-06  0.000000000000000e+00
 6.564462585629699e+00  1.156980474795765e-06  0.000000000000000e+00
 7.477481597249839e+00  7.068897162700583e-07  0.000000000000000e+00
 8.517454617789079e+00  4.133439802634782e-07  0.000000000000000e+00
 9.702038493661270e+00  2.323335586380560e-07  0.000000000000000e+00
 1.105134530003330e+01  1.261359929305431e-07  0.000000000000000e+00
 1.258828380720477e+01  6.646532702234717e-08  0.000000000000000e+00
 1.433894842977365e+01  3.414891255657596e-08  0.000000000000000e+00
 1.633306226223605e+01  1.717904028310948e-08  0.000000000000000e+00
 1.860448172295687e+01  8.492911853063443e-09  0.000000000000000e+00
 2.119177137444618e+01  4.139211807146638e-09  0.000000000000000e+00
 2.413885867934227e+01  1.994031454308866e-09  0.000000000000000e+00
 2.749577980866410e+01  9.515962649997207e-10  0.000000000000000e+00
 3.131952916479830e+01  4.506725354428855e-10  0.000000000000000e+00
 3.567502704257275e+01  2.121252890648161e-10  0.000000000000000e+00
 4.063622185753755e+01  9.934832367367139e-11  0.000000000000000e+00
 4.628734565528144e+01  4.634247306219579e-11  0.000000000000000e+00
 5.272434421804292e+01  2.154671073358650e-11  0.000000000000000e+00
 6.005650604921981e+01  9.991548312761299e-12  0.000000000000000e+00
 6.840831789296593e+01  4.623265753814346e-12  0.000000000000000e+00
 7.792157829221479e+01  2.135508048155870e-12  0.000000000000000e+00
 8.875780506949357e+01  9.849817924765786e-13  0.000000000000000e+00
 1.011009776051645e+02  4.537757685920129e-13  0.000000000000000e+00
 1.151606604719791e+02  2.088481080737864e-13  0.000000000000000e+00
 1.311755614595664e+02  9.604369646823948e-14  0.000000000000000e+00
 1.494175843976283e+02  4.413829234786885e-14  0.000000000000000e+00
 1.701964455873900e+02  2.027303864163454e-14  0.000000000000000e+00
 1.938649322199007e+02  9.307185628225044e-15  0.000000000000000e+00
 2.208248920595400e+02  4.271167433121406e-15  0.000000000000000e+00
 2.515340560866414e+02  1.959432478426814e-15  0.000000000000000e+00
 2.865138099352715e+02  8.986522741321369e-16  0.000000000000000e+00
 3.263580460710051e+02  4.120492837892292e-16  0.000000000000000e+00
 3.717432470025532e+02  1.888939944454058e-16  0.000000000000000e+00
 4.234399707217918e+02  8.657879400955579e-17  0.000000000000000e+00
 4.823259333740268e+02  3.967712088911597e-17  0.000000000000000e+00
 5.494009112784013e+02  1.818080701064324e-17  0.000000000000000e+00
 6.258037153075840e+02  8.329871450963543e-18  0.000000000000000e+00
 7.128315258207655e+02  3.816121219531882e-18  0.000000000000000e+00
 8.119619164218916e+02  1.748116428842519e-18  0.000000000000000e+00
 9.248779404664100e+02  8.007328987315977e-19  0.000000000000000e+00
 1.053496706239672e+03  3.667568415474093e-19  0.000000000000000e+00
 1.200001925961460e+03  1.679753440030721e-19  0.000000000000000e+00
 1.366880991239417e+03  7.692945510882408e-20  0.000000000000000e+00
 1.556967204444955e+03  3.523077501128115e-20  0.000000000000000e+00
 1.773487883023502e+03  1.613379100250176e-20  0.000000000000000e+00
 2.020119153462564e+03  7.388177274593948e-21  0.000000000000000e+00
 2.301048365219278e+03  3.383191181716805e-21  0.000000000000000e+00
 2.621045184282271e+03  1.549193270209407e-21  0.000000000000000e+00
 2.985542573406865e+03  7.093748324650875e-22  0.000000000000000e+00
 3.400729033920418e+03  3.248165741642199e-22  0.000000000000000e+00
 3.873653675195590e+03  1.487283607015641e-22  0.000000000000000e+00
 4.412345895679675e+03  6.809942643832375e-23  0.000000000000000e+00
 5.025951707445646e+03  3.118084723176549e-23  0.000000000000000e+00
 5.724889018807500e+03  1.427669922941255e-23  0.000000000000000e+00
 6.521024511415545e+03  6.536777698953831e-24  0.000000000000000e+00
 7.427875114882352e+03  2.992926989641222e-24  0.000000000000000e+00
 8.460837499611371e+03  1.370330938631013e-24  0.000000000000000e+00
 9.637449484198150e+03  6.274109812255098e-25  0.000000000000000e+00
 1.097768779562527e+04  2.872608303722663e-25  0.000000000000000e+00
 1.250430723767653e+04  1.315220716364419e-25  0.000000000000000e+00
 1.424322702603196e+04  6.021699205941616e-26  0.000000000000000e+00
 1.622397084930907e+04  2.757007105380661e-26  0.000000000000000e+00
 1.848016812748519e+04  1.262278887250796e-26  0.000000000000000e+00
 2.105012497815504e+04  5.779250614877797e-27  0.000000000000000e+00
 2.397747458459012e+04  2.645980651360662e-27  0.000000000000000e+00
 2.731191800766380e+04  1.211437068793832e-27  0.000000000000000e+00
 3.111006801927892e+04  5.546438815434431e-28  0.000000000000000e+00
 3.543641028405132e+04  2.539375173049766e-28  0.000000000000000e+00
 4.036439820836189e+04  1.162622907045713e-28  0.000000000000000e+00
 4.597770004531951e+04  5.322924709318120e-29  0.000000000000000e+00
 5.237161942920367e+04  2.437032274675457e-29  0.000000000000000e+00
 5.965471345747181e+04  1.115762620713227e-29  0.000000000000000e+00
 6.795063579241613e+04  5.108365433271315e-30  0.000000000000000e+00
 7.740023607497613e+04  2.338792947237718e-30  0.000000000000000e+00
 8.816395129492579e+04  1.070782593106594e-30  0.000000000000000e+00
 1.004245297185447e+05  4.902420664196172e-31  0.000000000000000e+00
 1.143901336210994e+05  2.244500061554242e-31  0.000000000000000e+00
 1.302978735028761e+05  1.027610355867503e-31  0.000000000000000e+00
 1.484178337933136e+05  4.704756491209042e-32  0.000000000000000e+00
 1.690576583923546e+05  2.153999887762897e-32  0.000000000000000e+00
 1.925677739031484e+05  9.861751831025429e-33  0.000000000000000e+00
 2.193473392370776e+05  4.515047728545884e-33  0.000000000000000e+00
 2.498510226045607e+05  2.067142990871236e-33  0.000000000000000e+00
 2.845967209525755e+05  9.464084358424396e-34  0.000000000000000e+00
 3.241743529108905e+05  4.332979229425828e-34  0.000000000000000e+00
 3.692558745352036e+05  1.983784726647827e-34  0.000000000000000e+00
 4.206066878962441e+05  9.082437466538587e-35  0.000000000000000e+00
 4.790986362118986e+05  4.158246560988859e-35  0.000000000000000e+00
 5.457248061560148e+05  1.903785482265214e-35  0.000000000000000e+00
 6.216163886600998e+05  8.716171023597704e-36  0.000000000000000e+00
 7.080618844736137e+05  3.990556272715265e-36  0.000000000000000e+00
 8.065289805582367e+05  1.827010754773239e-36  0.000000000000000e+00
 9.186894687374596e+05  8.364668621587320e-37  0.000000000000000e+00
